# id	left	top	right	bottom	texture_id
[SPRITES]
#BRICK
20001	1004	18	1019	33	60
#CLOUD
21001	698	1	713	16	60
# QUESTION BRICK
	# UN-TOUCH
22001	1140	1	1155	16	60
22002	1157	1	1172	16	60
22003	1174	1	1189	16	60
22004	1191	1	1206	16	60

	# TOUCHED
22005	1208	1	1223	16	60

# BREAK BRICK
# UN-TOUCH
	1038	1	1053	16	60
	1055	1	1170	16	60
	1072	1	1087	16	60
	1089	1	1104	16	60
# TOUCHED
	1208	1	1223	16	60
#PLUM
#HEAD
	69	35	84	50	60
	86	35	101	50	60
#BODY 
	69	52	84	67	60
	86	52	101	67	60

#ORANGE BLOCK
#TOP
	919	137	934	152	60
	936	137	951	152	60
	953	137	968	152	60
#BODY
	919	154	934	169	60
	936	154	951	169	60
	953	154	968	169	60
#BOTTOM
	919	171	934	186	60
	936	171	951	186	60
	953	171	968	186	60
# ani_id	sprite1_id	time1	sprite2_id	time2	...
[ANIMATIONS]
10000	20001	1000
10001	21001	1000
10002	22001	200	22002	200	22003	200	22004	200
10003	22005	10000