# id	left	top	right	bottom	texture_id
[SPRITES]
#####  BIG ###############
#IDLE LEFT RIGHT
11111	1	92	16	119	30
11121	507	92	520	119	90

#WALKING RIGHT
11222	487	92	502	119	90
11223	507	92	520	119	90

#WALKING LEFT
11212	1	92	16	119	30
11213	19	92	34	119	30
#RUNNING RIGHT
11321	467	92	484	119	90
11322	467	92	484	119	90
11323	487	92	502	119	90

#RUNNING LEFT
11311	37	92	52	119	30
11312	37	92	52	119	30
11313	20	92	35	119	30

#JUMP WALK RIGHT
11417	433	92	448	119	90
11413	73	92	88	119	30

#JUMP RUN RIGHT & LEFT
11427	433	92	448	119	90
11423	73	92	88	119	30

#SIT RIGHT & LEFT 
11521	453	102	466	119	90
11511	55	102	68	119	30

#BRACE RIGHT & LEFT 
11621	311	92	326	119	90
11611	195	92	210	119	30

#DIE
13001	306	16	323	33	30

#KICK
#	305	92	326	119	30

############ SMALL ################
 #IDLE RIGHT LEFT
12121	1	16	16	31	30
12111	1	16	16	31	30

#WALK RIGHT
12222	1	16	16	31	30
12223	19	16	34	31	30

#WALK LEFT
12212	1	16	16	31	30
12213	19	16	34	31	30

#RUN RIGHT
12321	19	16	34	31	30
12322	19	16	34	31	30
12323	1	16	16	31	30

#RUN LEFT
12311	20	16	35	31	30
12312	20	16	35	31	30
12313	1	16	16	31	30

#BRACE RIGHT & LEFT
12511	109	16	124	31	30
12521	109	16	124	31	30

#JUMP WALK RIGHT & LEFT 
12413	37	16	52	31	30
12417	37	16	52	31	30

#JUMP RUN RIGHT & LEFT 
12423	37	16	52	31	30
12427	37	16	52	31	30

############ RACCOON ################
#IDLE LEFT RIGHT
	1	350	22	377	30

#WALK RIGHT


#WALK LEFT
	1	350	24	377	30
	27	350	50	377	30

#RUN RIGHT

#RUN LEFT
	1	350	24	377	30
	27	350	50	377	30
	53	350	76	377	30	

#BRACE RIGHT & LEFT

	339	350	354	377	30

#JUMP WALK RIGHT & LEFT 
	
	109	16	124	377	30

#JUMP RUN RIGHT & LEFT 


# STAND
	357	350	372	377	30

#LOW-FLY
	131	350	154	377	30
	157	350	180	377	30

#HIGH-FLY
	184	350	205	377	30
	210	350	231	377	30
	236	350	257	377	30
	262	350	283	377	30
	288	350	309	377	30
	313	350	336	377	30

# ani_id	sprite1_id	time1	sprite2_id	time2	...

[ANIMATIONS]

400	11121	100
401	11111	100

#WALKING RIGHT & LEFT 
500	11121	100	11222	100	11223	100
501	11111	100	11212	100	11213	100

#RUNNING RIGHT & LEFT
600	11321	50	11322	50	11323	50
601	11311	50	11312	50	11313	50

#JUMP WALK
700	11417	100
701	11413	100

#JUMP RUN
800	11427	100
801	11423	100

#SIT RIGHT & LEFT 
900	11521	100
901	11511	100

#BRACE RIGHT & LEFT 
1000	11621	100
1001	11611	100

#DIE
999	13001	100

################### SMALL #################
1100	12121	100
1102	12111	100


#WALK LEFT & RIGHT 
1200	12121	100	12222	100	12223	100
1201	12111	100	12212	100	12213	100

#RUN LEFT & RIGHT
1300	12321	100	12322	100	12323	100
1301	12311	100	12312	100	12313	100

#BRACE LEFT & RIGHT
1401	12511	100
1400	12521	100

#JUMP WALK
1500	12417	100
1501	12413	100

#JUMP RUN 
1601	12423	100
1600	12427	100