# id	left	top	right	bottom	texture_id
[SPRITES]
	#red
# left up idle
120000	176	144	191	175	50

# left down idle
120010	128	144	143	175	50

# left down
120020	128	144	143	175	50
120021	144	144	159	175	50

# left up
120030	160	144	175	175	50
120031	176	144	191	175	50

# fire
120040	164	179	171	188	50
120041	180	179	187	188	50
120042	164	196	171	205	50
120043	180	196	187	205	50
	# green straight
#moving
120100	0	144	15	167	50
120101	16	144	31	167	50

# ani_id	sprite1_id	time1	sprite2_id	time2	...
[ANIMATIONS]
12001	120000	10000
12002	120010	10000
12003	120020	300	120021	300
12004	120030	300	120031	300
12005	120040	300	120041	300	120042	300	120043	300
12011	120100	100	120101	100