# id	left	top	right	bottom	texture_id
[SPRITES]
	# coin
40001	953	69	968	84	60
40002	970	69	985	84	60
40003	987	69	1002	84	60

	# small coin
41001	301	26	308	39	100
41002	310	26	317	39	100
41003	319	26	326	39	100
41004	328	26	335	39	100
	#brick
20001	1004	18	1019	33	60

	#cloud
21001	698	1	713	16	60

	# question-brick
# un-touched
22001	1140	1	1155	16	60
22002	1157	1	1172	16	60
22003	1174	1	1189	16	60
22004	1191	1	1206	16	60

# touched
22005	1208	1	1223	16	60

	# mushroom
23001	1	45	16	60	80

	# leaf left & right
26001	55	24	70	37	120
26002	771	24	786	37	130

	# board
24001	11	127	164	156	40

	#number
28000	77	30	84	37	40
28001	88	30	93	37	40
28002	96	30	105	37	40
28003	106	30	115	37	40
28004	116	30	125	37	40
28005	126	30	135	37	40
28006	136	30	145	37	40
28007	146	30	155	37	40
28008	156	30	165	37	40
28009	166	30	175	37	40

	#pause
28010	91	161	98	168	40
28011	99	161	114	168	40
28012	64	161	71	168	40
28013	73	161	88	168	40

	# smoke
27001	1	14	16	29	100
27002	18	14	33	29	100
27003	35	14	50	29	100
27004	52	14	67	29	100

	# downbrick
25001	0	0	0	0	60

	# break-brick
# un-touched
29000	1038	1	1053	16	60
29001	1055	1	1070	16	60
29002	1072	1	1087	16	60
29003	1089	1	1104	16	60

# touched
29004	373	29	380	38	100
29005	382	29	389	38	100

	#button P
#un-active
29100	1174	69	1189	84	60
29101	1191	69	1206	84	60
29102	1208	69	1223	84	60

#active
29103	1225	69	1240	84	60

# ani_id	sprite1_id	time1	sprite2_id	time2	...
[ANIMATIONS]
	#coin
11000	40001	150	40002	150	40003	150
11002	40001	10000
	# small-coin
11001	41001	100	41002	100	41003	100	41004	100
	#brick
10000	20001	1000

	#cloud
10001	21001	1000

	#question brick
10002	22001	200	22002	200	22003	200	22004	200
10003	22005	10000

	#mushroom
10004	23001	10000

	#board
10005	24001	10000

	#downbrick
10006	25001	10000

	#leaf
10007	26001	10000
10008	26002	10000

	#smoke
10009	27003	200	27001	200	27002	200

	#number
10010	28000	10000
10011	28001	10000
10012	28002	10000
10013	28003	10000
10014	28004	10000
10015	28005	10000
10016	28006	10000
10017	28007	10000
10018	28008	10000
10019	28009	10000

	#pause
10020	28010	10000
10021	28011	10000
10022	28012	10000
10023	28011	200	28013	200

	#break brick
10024	29000	300	29001	300	29002	300	29003	300
10025	29004	200	29005	100

	# button P
#un-active
10026	29100	150	29101	150	29102	150

#active
10027	29103	10000